-123.084442 38.389721
-116.883057 34.235279
-120.49028 39.615002
-120.662781 37.94722
-117.888611 33.653889
-117.637779 33.820278
-122.194168 37.764439
-116.699173 33.234718
-120.204437 34.74889
-121.692223 38.393059
-122.852219 39.573608
-119.291107 36.322781
-121.175003 35.875
-118.010002 33.90583
-121.35778 39.925831
-119.735558 37.75222
-121.629997 40.046391
-122.310829 37.537781
-120.231941 38.034168
-120.544998 41.483891
-119.588608 37.70472
-120.718613 38.038059
-120.42083 34.936939
-117.874168 33.771389
-120.712502 39.724998
-117.212784 36.475559
-118.688889 36.237221
-119.305557 34.371391
-115.476387 32.981941
-117.781113 33.544998
-122.023064 37.289169
-118.56778 37.220829
-118.254723 34.049438
-117.666107 34.111389
-117.896667 33.871391
-121.89444 37.67889
-117.852501 33.753059
-118.479172 35.486389
-118.700279 34.278889
-118.984169 35.326939
-117.254173 33.20528
-117.696938 33.615829
-119.021942 36.407501
-118.235001 36.309441
-118.110558 34.18111
-118.134171 34.088058
-122.15667 37.72694
-122.481941 37.615002
-123.398613 38.72139
-121.941109 36.514439
-118.034172 36.98222
-124.17028 40.73
-117.017776 32.763611
-114.503059 34.288059
-123.625832 39.922501
-122.066109 37.965561
-120.39389 38.106392
-116.570557 32.960831
-118.94944 36.689171
-116.259438 35.971668
-121.437218 38.458611
-121.227219 36.697781
-123.688057 40.249439
-118.25528 34.16
-123.64167 41.879169
-122.205002 38.041939
-122.888329 38.481392
-118.069168 34.130829
-122.26194 41.03278
-121.449173 37.756939
-120.701393 41.826939
-115.516113 32.697781
-122.861671 41.51667
-122.318893 39.049171
-117.870827 34.07333
-115.986389 34.0275
-121.354439 38.589439
-122.852219 39.42944
-119.014999 36.485561
-120.611938 40.189171
-117.125557 32.701389
-120.760834 37.903332
-116.507217 33.871109
-119.680832 36.792221
-117.807777 34.118061
-120.065002 39.565559
-121.72583 36.200001
-121.515831 37.042782
-116.809174 33.73111
-120.692223 38.715832
-121.170563 38.674999
-115.715279 34.657501
-120.591667 41.988331
-120.846939 38.857498
-117.948059 35.126671
-124.011673 40.175282
-119.661942 38.661671
-122.650833 39.737782
-123.074173 38.369438
-119.133331 36.15694
-119.207779 34.253891
-124.182777 41.895561
-122.513329 37.93417
-118.632782 34.175831
-119.68528 37.19083
-115.813889 32.77417
-119.986389 38.714169
-123.799721 39.316109
-118.337219 33.774719
-115.492783 32.669441
-122.682503 39.917221
-122.652779 40.707218
-119.298058 34.280281
-120.049438 35.999722
-123.771942 41.255562
-118.29528 33.711941
-118.496674 34.200001
-120.025558 36.93
-118.103058 34.535561
-122.597504 38.899719
-122.179718 37.420559
-116.14167 33.639439
-122.472504 37.808331
-116.529716 32.82444
-121.306938 37.96722
-119.051392 37.10556
-123.100281 40.764999
-120.017776 34.603062
-120.57222 38.067501
-121.970284 37.576389
-120.474998 34.647499
-117.886391 33.748058
-121.153893 37.00111
-120.32972 38.82972
-121.8125 37.648609
-123.961388 40.976391
-117.493332 34.23444
-118.391388 34.021671
-119.016937 34.211941
-120.508888 38.453609
-121.361938 38.420559
-116.194168 32.708889
-121.16333 40.50333
-123.374718 41.799438
-118.313889 36.643059
-121.714996 37.59306
-115.54361 33.078331
-118.297218 34.098331
-121.228058 41.236111
-122.326942 37.97583
-120.479439 37.30722
-121.283333 35.800282
-119.619438 34.540001
-118.033333 37.262501
-121.396942 36.073608
-116.796944 34.25528
-118.163887 33.895828
-118.968063 35.36417
-123.489723 40.275558
-118.286667 34.050831
-119.383614 36.272221
-116.727783 33.233059
-120.784721 39.177219
-123.709999 39.590279
-117.984718 33.702221
-117.966942 33.931938
-118.218063 33.775829
-121.630829 36.679169
-120.364441 39.088329
-118.611389 37.93861
-122.035561 38.599171
-121.786667 36.628059
-117.826111 35.015282
-119.266937 34.271938
-118.392776 37.37167
-118.256393 33.913891
-120.003059 37.403061
-122.429169 37.808609
-121.865829 37.485279
-122.493332 37.666111
-120.58194 40.653061
-119.06028 35.853889
-122.246109 39.759441
-119.647781 37.54472
-119.703888 37.000832
-122.256943 37.146389
-123.866669 39.968891
-117.66861 35.62944
-117.103333 33.571671
-118.215561 33.795559
-121.883331 38.930279
-120.21917 38.252781
-121.481667 38.71056
-121.37944 37.423889
-120.54361 37.743328
-120.143608 39.17083
-117.40667 33.9925
-121.901672 38.686668
-122.852501 38.881111
-123.213058 38.77417
-121.055 37.536942
-122.440277 37.773891
-122.20694 38.073059
-121.128609 37.471668
-120.80806 40.578892
-118.17778 33.845558
-121.724442 39.44944
-122.068062 39.877781
-121.777496 40.98222
-123.270561 41.36528
-120.504173 38.441669
-116.082497 35.285278
-120.577782 35.125561
-121.224998 38.901112
-120.834999 37.69833
-122.044441 37.954441
-119.535004 36.486671
-116.325562 34.476669
-119.309723 36.921669
-120.366112 40.577221
-119.276672 38.150829
-116.604439 34.03389
-120.354721 38.46611
-118.285828 33.73
-122.737221 40.715561
-118.13028 36.05278
-123.362221 41.708889
-120.006943 39.350559
-123.755562 40.781109
-117.254723 34.18639
-117.950562 34.240829
-122.686668 40.03194
-121.554718 41.738331
-121.221672 39.86694
-118.129723 33.796391
-117.970284 36.04583
-117.37722 34.00111
-119.524719 37.12833
-117.861938 33.888062
-120.434174 36.351109
-118.729172 37.853062
-117.823059 33.834999
-121.985001 37.366112
-118.074173 33.849998
-118.202217 34.038891
-121.300827 38.265282
-122.266388 37.274441
-118.215561 34.54694
-117.910004 33.751671
-122.756668 38.00111
-117.816673 34.040001
-118.167503 34.013611
-117.181938 34.073891
-121.245827 40.496109
-123.073334 41.344719
-122.739998 39.616669
-121.860001 36.592781
-115.804718 33.13472
-120.150558 35.126671
-118.390831 36.009998
-120.183891 40.319721
-117.10611 32.763062
-117.395279 34.044441
-117.966393 34.044998
-118.770279 36.521389
-123.83667 41.066109
-121.983612 37.144169
-122.774437 39.43
-120.559998 39.26556
-119.029167 36.455002
-120.68306 37.996109
-121.646942 37.589169
-116.41111 35.776669
-123.057777 41.639721
-117.98806 33.90139
-116.793327 32.78167
-116.673332 33.773891
-123.428329 39.71917
-120.525833 38.471111
-123.631393 40.465
-122.436668 37.77528
-114.848892 34.083611
-119.916389 36.82056
-118.305 36.873058
-115.577782 33.314442
-120.644173 39.34333
-121.413887 39.310829
-122.640556 39.087502
-122.52639 39.248611
-122.073059 37.62722
-118.564171 36.125832
-118.0625 33.80611
-121.441673 38.695
-123.035004 40.76778
-120.681107 35.294441
-119.076111 37.65361
-119.392776 36.554169
-121.059723 39.805828
-122.805283 38.452221
-116.115829 35.144169
-122.020828 37.699169
-121.390556 38.47028
-115.458061 34.99556
-117.23278 34.238892
-118.169724 37.50111
-119.968887 36.815281
-120.910004 38.37278
-117.178612 33.124439
-119.486107 37.724442
-121.936394 38.105
-118.12722 34.065559
-121.679443 39.917221
-117.261108 32.970558
-121.425278 39.515831
-120.99556 38.920559
-118.845833 36.756111
-120.140556 39.173889
-119.041672 35.262218
-121.749718 38.539719
-120.254997 34.861938
-120.832497 40.374168
-121.898888 37.858608
-119.771667 36.666672
-118.865829 34.70306
-123.202782 41.577782
-123.165283 38.817219
-123.037216 40.626942
-122.639717 40.697781
-117.246391 34.136391
-118.53389 34.42778
-119.616386 37.18
-121.474167 38.615002
-122.860558 38.62389
-123.619438 39.802502
-122.775833 40.863609
-116.321671 33.820831
-120.110001 38.4175
-124.208893 41.750278
-117.437782 33.92667
-121.722778 40.639439
-120.856667 39.395828
-120.710831 36.733891
-118.378609 34.092781
-117.547501 35.85833
-122.830002 38.61528
-115.526939 32.730282
-122.422218 37.753891
-118.003059 34.082218
-122.830559 40.14333
-119.259171 35.820278
-122.897499 41.45694
-118.482498 35.333328
-120.708893 35.546108
-121.577217 37.460831
-120.822502 39.44833
-123.521942 40.720001
-121.597504 37.662781
-121.764717 38.554722
-118.234718 34.056671
-118.375557 34.05806
-116.274719 35.834171
-121.788063 37.083611
-121.719437 36.678329
-123.355003 40.073608
-121.287781 38.74472
-116.309998 33.836109
-118.76889 36.560829
-120.760002 35.160561
-118.456108 34.151669
-118.508331 34.200562
-118.891937 34.69083
-118.239166 34.224171
-118.813057 37.34639
-121.386673 39.56361
-123.291939 41.94722
-115.993332 32.738609
-122.51722 37.524441
-119.020828 36.061939
-122.271393 38.00639
-122.25972 38.51889
-119.509171 36.726669
-120.64222 40.418892
-122.275284 37.888611
-122.305557 37.16972
-120.850281 41.688061
-121.525558 39.625561
-120.65139 38.745831
-122.650002 38.966671
-124.073059 40.23111
-118.625832 35.001671
-121.894997 37.35611
-118.398613 34.17083
-118.688057 34.03722
-122.55278 37.896389
-122.300827 37.913891
-121.440277 38.636391
-115.400002 34.738029
-121.258888 39.239719
-118.284172 34.022499
-118.518059 34.441391
-119.028893 35.322781
-122.712784 38.67778
-119.213333 34.146389
-119.090828 37.185558
-120.200279 38.047501
-121.796387 37.319172
-121.669441 40.66111
-124.228889 40.26722
-122.483063 37.676392
-118.048607 34.246109
-120.845558 39.084999
-124.191673 40.65889
-122.425003 37.662781
-121.221107 37.82444
-121.549438 36.380562
-122.093887 37.899719
-117.061668 33.074169
-123.091667 38.446941
-122.28611 38.303059
-122.971107 38.346111
-118.973328 35.396111
-121.356667 41.955002
-118.831673 36.096111
-120.542778 39.630562
-121.885834 37.339439
-118.287781 34.05278
-118.138062 33.778061
-116.152779 33.5625
-118.798889 34.453609
-119.30056 37.052219
-119.679443 36.691669
-116.971939 33.527222
-124.209999 40.33083
-122.548607 39.38028
-117.371674 34.23111
-121.521111 40.52417
-121.730003 39.92556
-120.791672 37.14056
-122.570282 38.203892
-121.205559 39.544998
-120.546944 39.42556
-122.06694 37.048061
-122.804718 40.814999
-120.632217 39.41444
-116.426941 32.874439
-123.369171 39.27
-118.521393 35.833611
-117.363998 36.634949
-122.53833 39.371941
-116.639717 33.363331
-118.548332 34.756939
-120.8675 37.324718
-121.781937 39.772499
-118.381393 33.852779
-122.042503 37.091942
-122.139442 37.13361
-116.723061 33.745831
-123.809723 41.884171
-118.059998 33.911942
-118.517502 34.725559
-122.660278 38.792221
-118.212502 33.985001
-120.295563 40.07
-121.27861 37.92778
-120.476387 34.645828
-120.050003 34.462502
-121.924171 36.633331
-117.24028 33.103329
-122.237503 37.826672
-121.743607 36.481941
-118.134171 33.840279
-117.402496 34.033058
-123.990562 40.757221
-123.034721 40.73111
-122.406937 37.71833
-120.185562 34.910278
-119.417778 34.345001
-117.988892 34.174438
-122.636391 38.118328
-123.82 40.874439
-118.665558 35.52972
-117.67083 33.462502
-117.888062 33.911671
-122.131668 41.319721
-122.696114 40.12167
-119.835564 36.747219
-117.431938 34.072498
-117.328056 33.98056
-119.073608 35.046669
-122.916672 41.98111
-120.455276 37.650829
-121.671669 39.882221
-116.477783 33.915279
-120.757782 36.002499
-117.805832 34.118328
-117.813606 35.64444
-118.059174 33.996941
-123.185829 38.744999
-116.434998 34.127781
-121.151108 39.454441
-116.990562 32.783329
-121.412781 40.617779
-122.367783 37.930828
-117.165833 32.79361
-122.43972 37.74361
-121.71167 36.246941
-119.324997 36.8325
-122.096107 37.696941
-118.597778 34.735828
-122.266113 40.86639
-121.89167 36.609169
-122.286667 37.988892
-115.868889 34.983608
-120.17778 37.671108
-118.321114 33.963612
-118.218887 34.042221
-119.243607 36.915829
-122.90361 40.31472
-118.878609 35.252781
-120.925003 41.638062
-122.907501 38.504719
-122.253891 38.112221
-119.686668 34.412498
-118.235558 36.939171
-117.816673 33.91
-117.992218 37.28389
-117.207497 33.12611
-123.784439 40.013889
-122.562218 37.94944
-115.438057 33.602779
-118.444443 34.676941
-122.288887 38.29583
-122.839172 39.122219
-114.603607 34.835281
-117.273064 34.282219
-123.236938 40.337502
-122.295563 37.890831
-122.26667 37.535561
-119.906113 35.949169
-122.928329 40.883888
-116.285278 33.695831
-119.778328 38.174999
-120.726387 39.179169
-118.137222 33.950829
-122.587784 37.987221
-122.6875 38.444439
-117.605003 33.406109
-120.318611 38.268059
-115.495277 32.734169
-118.073608 33.920559
-117.250557 34.452499
-122.221939 37.87833
-120.828613 37.488331
-122.33139 39.12167
-124.116669 40.75333
-123.047218 41.000561
-122.814171 38.525558
-119.646667 36.322781
-119.614166 38.139999
-117.253326 33.055828
-119.73111 34.444172
-115.473061 32.938332
-123.212784 38.706108
-120.535561 39.18417
-119.117783 36.069172
-123.650558 39.772781
-121.867783 41.624722
-120.370827 41.152222
-121.048332 39.395561
-117.341667 33.15694
-120.688889 35.261108
-122.239441 38.899441
-123.108063 38.69194
-119.800003 36.727779
-122.85833 38.601669
-120.558327 39.30444
-122.48278 38.562222
-122.645279 41.18861
-119.266388 34.443329
-117.34333 33.953331
-123.504723 39.23
-120.6325 35.134441
-120.559723 34.583328
-117.184174 34.069721
-119.153328 34.232498
-121.555557 38.605
-118.309441 34.323608
-123.448334 40.86861
-122.356941 37.926109
-121.168892 38.10944
-122.194168 41.0625
-121.827499 36.603329
-119.641388 36.32972
-116.786392 33.917782
-117.188057 34.065559
-120.994171 37.492779
-121.461113 38.576939
-123.79306 39.444721
-122.246109 41.211109
-119.949722 38.450562
-117.777496 33.700001
-120.711937 36.28722
-120.202499 37.85722
-122.35611 37.990559
-120.105827 34.650829
-121.610001 37.248329
-121.639999 41.508331
-122.677498 37.91222
-116.737778 33.788609
-116.430557 33.07333
-118.179169 33.921669
-118.089439 34.0625
-124.017502 41.92778
-119.23111 36.051392
-121.091667 40.492222
-123.304169 39.601669
-119.198059 34.555828
-116.959999 32.79417
-122.358612 37.94389
-118.590279 35.263889
-121.97361 41.17667
-118.388329 33.760559
-117.998062 33.731941
-122.225281 37.782219
-120.366386 40.803059
-122.186111 37.802502
-123.332497 39.86306
-119.050827 38.108891
-120.461113 38.374168
-119.222778 36.485828
-114.430832 34.5275
-120.214172 37.559441
-115.504173 32.67083
-121.841942 37.15778
-120.56778 39.761391
-119.811111 36.736938
-121.458611 38.55278
-120.983063 39.68222
-119.256943 35.770279
-124.179718 40.628609
-122.389999 39.460281
-119.021393 35.398331
-122.665558 38.299721
-116.545563 32.685001
-122.34861 37.958061
-118.125832 34.196941
-120.622498 39.627499
-117.089439 35.683891
-121.49028 38.58083
-118.940277 37.324718
-120.574997 38.430279
-117.171387 32.793331
-118.335564 35.512218
-121.519997 38.327499
-121.65583 39.611671
-118.836113 34.175282
-122.561111 37.968891
-118.389999 34.144718
-119.694717 36.82444
-122.387779 37.674999
-120.814438 39.426941
-117.616669 34.120281
-121.124718 37.73917
-118.584167 35.790829
-122.001671 37.57222
-116.014168 34.703609
-116.835564 33.88361
-118.324173 34.03083
-123.500832 39.470001
-120.900284 39.440281
-118.058327 33.877781
-118.263329 33.75972
-120.838608 39.571671
-121.740562 39.461391
-122.014168 37.300282
-122.64167 41.059441
-118.919441 34.177219
-121.594719 39.150558
-117.391113 33.693062
-122.674171 37.924999
-120.423889 39.494438
-119.697502 37.576939
-119.007782 36.06472
-120.503059 41.23056
-121.724442 37.890282
-120.893608 39.091389
-119.174171 36.827782
-117.164169 34.067501
-120.655563 35.279442
-117.443893 33.921669
-122.816109 38.668892
-121.830002 39.721668
-117.97361 33.645
-123.771667 39.217499
-122.632217 38.426941
-122.764442 38.080559
-117.654999 33.45306
-114.57917 33.603611
-120.359444 38.235001
-121.268333 37.882778
-118.282784 35.102219
-117.904442 33.67778
-118.428062 34.005829
-116.809441 34.22583
-120.846672 37.509441
-120.681389 37.060558
-118.356667 35.33778
-119.794167 37.998329
-115.558609 32.789169
-121.987221 38.05806
-118.041389 36.44389
-120.625557 41.578331
-124.215279 41.750832
-120.78611 40.889439
-120.869438 37.775558
-123.462502 39.309441
-120.462502 39.111671
-118.319443 33.879719
-116.928062 34.068062
-122.322502 38.915829
-120.836937 38.910561
-121.748329 36.904171
-123.246941 40.313061
-121.878326 37.04694
-122.931671 40.81889
-118.206673 33.839439
-122.023888 36.961109
-117.784172 33.542221
-118.143608 36.39167
-116.07222 35.27528
-122.315826 37.299999
-120.148613 37.559441
-121.937782 37.077499
-120.182503 41.658058
-118.859444 37.474442
-121.232224 41.47472
-122.157501 40.965
-121.441673 41.23167
-122.952217 40.739719
-119.347504 37.409721
-120.83889 39.927219
-124.099442 40.391941
-118.443893 34.05806
-118.276108 33.720001
-118.63028 34.856941
-115.538887 33.220558
-120.789436 37.64222
-118.352501 34.566391
-117.22139 34.49556
-121.263329 38.603329
-120.840561 41.700829
-121.004997 40.308891
-120.347778 34.047779
-120.661942 40.433609
-119.388329 36.310558
-122.084999 37.216942
-119.790283 36.82222
-120.467499 34.771111
-121.770828 40.874722
-120.940826 40.003609
-119.716667 36.700829
-121.061943 40.881111
-123.675278 40.185558
-122.242783 40.18528
-120.68222 39.086941
-120.825829 38.535831
-120.587219 39.611938
-119.153328 34.15556
-123.332222 38.74556
-118.666107 35.735279
-118.37278 33.908329
-122.008614 39.722778
-120.958061 39.982498
-121.931107 37.265282
-119.970284 37.353329
-117.289169 33.965832
-122.421387 40.6525
-121.888893 36.590561
-119.011108 38.212219
-117.14917 33.90028
-120.135559 41.558331
-120.820557 38.76722
-121.606941 39.364441
-120.487503 35.634998
-117.26944 32.983891
-121.807777 36.988609
-121.162498 38.849998
-116.912781 34.189999
-118.603058 34.270561
-118.817223 36.13028
-124.135002 40.582779
-122.562218 38.803059
-120.383057 37.985279
-120.548607 38.07917
-122.249443 37.777222
-120.012222 39.908058
-118.059441 33.849998
-121.779442 36.248611
-122.160828 37.871941
-120.43528 37.985828
-122.153328 39.836391
-123.487503 40.64167
-122.263062 37.874168
-122.410004 38.419441
-122.553886 38.347778
-117.121674 32.922218
-120.3825 38.1525
-122.413887 37.76722
-116.371941 33.650829
-118.555557 34.711109
-118.81694 36.130829
-119.293892 36.310829
-122.253609 38.29528
-121.387497 40.013889
-119.126106 36.965
-120.89222 35.265831
-118.333611 34.014721
-115.339722 32.876671
-119.871109 35.097221
-117.195557 34.49889
-120.203056 37.930828
-121.01944 36.128891
-117.051392 32.60722
-122.14444 37.473888
-123.395561 40.016941
-122.458611 40.549171
-115.319717 32.759441
-120.426941 34.943062
-124.131668 41.878891
-119.549721 36.85083
-117.196938 33.03944
-122.0625 39.955559
-117.236938 34.240002
-115.280281 32.737221
-121.004723 41.224171
-123.356667 39.61694
-121.570557 37.009171
-121.99472 36.990829
-121.984169 40.902779
-120.933327 37.90667
-122.486938 37.681938
-118.247223 33.756939
-118.211937 34.045559
-122.066673 37.400829
-118.883057 34.18972
-119.385277 36.536388
-116.604172 33.875278
-124.06028 40.76083
-119.038612 34.236111
-116.19722 34.154171
-118.148331 33.89167
-122.044441 36.976669
-122.564171 38.158058
-117.988609 33.714722
-118.641113 36.962502
-124.217216 40.673328
-122.53833 40.340279
-123.41861 39.046391
-119.292221 34.430279
-117.392776 34.06472
-121.0075 36.090279
-118.229721 34.064442
-123.057503 42.003891
-116.973328 32.840832
-119.1875 36.304722
-121.971939 37.164719
-119.826668 35.663609
-117.916672 33.901669
-122.693062 41.282219
-116.550278 33.203331
-122.207497 40.25528
-121.03389 35.918892
-118.472778 34.050282
-120.184441 36.605831
-118.187782 33.978611
-121.875557 37.328892
-123.183609 39.200279
-122.944168 39.237499
-122.558327 38.810001
-117.018608 32.788059
-119.48278 37.809441
-120.339722 38.744171
-123.47139 40.650002
-118.565559 34.238609
-118.215828 34.053059
-118.869438 34.781391
-122.014999 37.53167
-118.684998 36.712502
-121.91333 41.276939
-117.871391 34.923061
-118.193893 33.785
-122.304718 38.316669
-120.581108 37.903061
-121.150002 38.867222
-121.249718 40.130562
-122.944168 38.689171
-118.230827 34.145279
-122.478333 37.90361
-118.230827 35.381111
-117.698608 34.013889
-120.80056 40.990829
-121.326942 40.122219
-121.327782 40.746941
-122.067223 37.965832
-115.639168 33.103611
-121.16861 40.509171
-122.099998 39.316669
-122.467499 37.689442
-122.435562 37.759171
-120.047218 38.938889
-119.421944 38.167782
-117.067497 33.132221
-122.21833 39.099998
-121.794998 36.361389
-121.772499 38.678612
-120.313057 37.926392
-119.705002 34.74556
-118.966667 35.94944
-118.158607 34.019169
-120.470833 40.118061
-117.905281 35.90778
-118.286942 33.951939
-123.477219 40.810558
-117.02417 34.892502
-123.523888 38.813889
-122.984444 39.439171
-119.014999 36.4925
-122.306107 37.575001
-116.305557 33.676109
-121.974167 37.34222
-123.010002 41.000278
-121.653893 37.51194
-120.823334 39.445278
-120.139442 41.154171
-119.571114 37.900002
-121.880829 37.235561
-117.161942 33.558331
-121.584442 39.125561
-119.37722 36.527222
-119.575829 37.448891
-118.245277 33.78611
-123.059441 39.84639
-120.152779 36.386391
-119.97583 36.33889
-122.246391 40.173611
-124.02861 41.956669
-122.80056 41.3125
-116.941391 33.96944
-118.618607 36.275558
-116.999718 32.84444
-117.018059 35.914719
-120.546112 38.580559
-119.020828 35.42889
-115.91111 33.501671
-120.669167 35.486389
-120.720284 39.8325
-119.014442 37.328609
-121.617218 36.084721
-118.074173 33.845558
-121.700562 39.643608
-118.413063 35.575279
-117.585564 34.064999
-119.51722 34.66972
-118.59861 34.083611
-123.851112 40.055279
-122.49556 37.768059
-121.593887 39.661388
-118.149437 33.966942
-122.246941 37.263611
-123.414719 39.15361
-117.99556 33.728611
-120.363892 37.693329
-121.835281 38.061939
-121.424438 37.736938
-122.526672 39.055828
-120.380562 36.753609
-122.408333 37.795559
-119.55806 37.014172
-120.945 38.83028
-117.401108 34.23806
-122.325562 37.919441
-122.111671 36.96167
-119.784172 34.43
-120.660828 40.575279
-116.357498 33.512779
-118.277779 33.93861
-118.516388 37.117779
-122.484169 37.771389
-121.506393 39.587502
-120.099716 38.70306
-122.663887 37.977779
-121.823608 37.315559
-118.792503 34.180561
-119.309998 36.0625
-119.900833 37.645561
-120.678062 38.17556
-119.979439 34.582779
-121.711937 36.21833
-120.099998 36.951939
-123.766113 39.565559
