61.2894 -149.624 61.8894 -149.024
60.9173 -150.204 61.5173 -149.604
64.6136 -147.884 65.2136 -147.284
56.1501 -132.725 56.7501 -132.125
64.5761 -165.62 65.1761 -165.02
60.2615 -151.548 60.8615 -150.948
60.8228 -150.162 61.4228 -149.562
64.1981 -165.687 64.7981 -165.087
64.5445 -147.989 65.1445 -147.389
55.9551 -159.067 56.5551 -158.467
61.3141 -149.757 61.9141 -149.157
61.282 -149.756 61.882 -149.156
60.8869 -150.273 61.4869 -149.673
60.9178 -150.164 61.5178 -149.564
64.5761 -165.62 65.1761 -165.02
61.2841 -149.74 61.8841 -149.14
60.8541 -150.258 61.4541 -149.658
60.8101 -150.157 61.4101 -149.557
58.9571 -135.852 59.5571 -135.252
61.2642 -149.753 61.8642 -149.153
64.506 -147.835 65.106 -147.235
64.5411 -148.022 65.1411 -147.422
60.8681 -150.135 61.4681 -149.535
60.7915 -150.091 61.3915 -149.491
60.6301 -161.463 61.2301 -160.863
61.1121 -149.794 61.7121 -149.194
64.2331 -165.714 64.8331 -165.114
64.5921 -148.005 65.1921 -147.405
55.0103 -131.882 55.6103 -131.282
58.9571 -135.852 59.5571 -135.252
61.2841 -149.74 61.8841 -149.14
61.2421 -150.147 61.8421 -149.547
60.8193 -150.097 61.4193 -149.497
